-800.011817979715
-800.011817979715
1014.7732265609914
-3664.851045113358
-4486.3242138140395
-211.69836857762607
-635.4271735543191
-5002.482963750658
1.0
562.2874503733101
-800.011817979715
-800.011817979715
1014.7732265609914
-3664.851045113358
-4486.3242138140395
-211.69836857762607
-635.4271735543191
-5002.482963750658
1.0
562.2874503733101
-5621.007366351831
3125.0240382152715
4938.886331582144
224.1537220358432
-4096.310491371867
-493.3817241376114
1103.5896185493934
-1513.7339331307826
1.0
5864.767869078263
-5621.007366351831
3125.0240382152715
4938.886331582144
224.1537220358432
-4096.310491371867
-493.3817241376114
1103.5896185493934
-1513.7339331307826
1.0
5864.767869078263
-8534.20300279658
1561.609108911879
6190.42173055604
32.04697413351869
-4949.440642491318
-369.5304996780201
914.6623465936843
-4638.664216697026
1.0
6450.839032212066
-7602.264231314304
4956.242279411928
5730.957946843887
-587.1839630711845
-4076.285302439438
-172.68065482837505
481.4906669918862
-2979.6382521391897
1.0
3833.888660166771
-4735.415967248414
3700.866220910294
5181.551249304638
2305.459807311288
-3148.866680574289
294.79307110189836
705.2968073368993
-4602.1729068031145
1.0
4705.893824629102
-4735.415967248414
3700.866220910294
5181.551249304638
2305.459807311288
-3148.866680574289
294.79307110189836
705.2968073368993
-4602.1729068031145
1.0
4705.893824629102
6450.839032212066
-7602.264231314304
4956.242279411928
5730.957946843887
-587.1839630711845
-4076.285302439438
-172.68065482837505
481.4906669918862
-2979.6382521391897
1.0
3833.888660166771-3960.041799061224
5878.218717171144
5082.951077200016
1041.1416172366667
-3602.7735266297695
450.78800480586483
408.49069051263245
-1297.4664711880791
1.0
7538.060210609735
-7602.264231314304
4956.242279411928
5730.957946843887
-587.1839630711845
-4076.285302439438
-172.68065482837505
481.4906669918862
-2979.6382521391897
1.0
3833.888660166771
-5357.141217222629
4726.110491328881
4426.113537266339
-1870.6351413362722
-2063.0128100134402
-224.76046653420656
-1714.2080326672358
1417.170885696501
1.0
7564.736817947902
6708.398647953559
1566.5605454239303
10600.742702403004
210.24454309016437
-4835.0217184390885
-206.61727413353788
349.9098387766428
-828.5183306533648
1.0
-3419.1969006646004
-5707.87648947679
3062.1661545788315
4085.151465476331
479.4697363106816
-4272.983113234672
-111.49066488962808
66.70308941537814
-4011.780904800366
1.0
3567.9339544932322
-6828.777548474118
1249.5558093377258
4103.804061427398
176.6729371417556
-2715.1479296432008
-254.43674292137675
211.9954776856908
-1104.1690860359017
1.0
4014.352306575979
-5042.005810488789
1287.770614876013
3865.208507431133
-508.15188095982114
-1003.4848056794776
-207.5606449701359
-1626.503395926098
-777.6480380899951
1.0
2818.3311912637196
-7149.533228536443
-758.5407384731527
4771.627682464585
33.19854147671549
-1200.9465835868193
-46.56414076017069
-2049.908018746893
-4524.099454374895
1.0
5258.741300630509
-4271.9574177208615
2978.586720749074
3873.0070100501407
155.7608424934216
-825.3384373510596
66.8389518490448
-445.1922025493425
3730.3745407293036
1.0
7450.9618913732675
-8091.2268372887365
147.17368595452922
3453.1946083978246
-698.4720686154187
-1891.6826406944135
-100.43895072438067
60.664069205303974
-1233.8521970731397
1.0
4785.460291676918
-2419.6168522688263
-1643.13880286751
3247.3775056711706
-375.07442364666684
-1739.3081932946911
34.44571214604872
221.8642827588494
-1085.522477022615
1.0
2430.7721102228634
3756.1155267966496
-234.6963575453978
4270.722567910349
-602.1846841257477
-1535.249868298901
-315.1291058664012
-143.56795703970522
-169.55448805777576
1.0
-1584.0501432192282
-6707.668801649303
-2591.5551356521323
6101.246834554844
-1645.2595442294632
-2662.8233254588185
-236.74766697163395
-859.0982701342753
-99.59922412052703
1.0
7758.119840803971
12486.036138265408
-136.91732498732506
12578.053791169365
39.32942752129725
-4695.097247385441
-376.6666124638476
540.0587506773528
-1103.826737681737
1.0
-5675.902007684241
-3785.130736141059
-1327.9006446575827
743.0343075519269
-259.28865674391545
-452.2608878922467
-169.81492871024102
-115.45352854136831
33.77159253550602
1.0
3394.477360181947
6021.56201710763
-1580.6920113925855
6698.102042217579
-762.3374500941854
-2132.215759231516
-17.606057266270852
137.17398060495873
-1160.6277483789797
1.0
-3235.860447551732
-5545.740867059076
-2744.075409883537
4837.308251266725
-1014.5941889916239
-1673.5394411198354
-123.80567431551322
-89.20837349559372
128.69796969313154
1.0
5568.623052288771
